4294967293,131
4294967293,130
4294967293,129
4294967293,128
4294967293,127
4294967293,126
4294967293,125
4294967293,124
4294967293,123
4294967293,122
4294967293,121
4294967293,120
4294967293,119
4294967293,118
4294967293,117
4294967293,116
4294967293,115
4294967293,114
4294967293,113
4294967293,112
4294967293,111
4294967293,110
4294967293,109
4294967293,108
4294967293,107
4294967293,106
4294967293,105
4294967293,104
4294967293,103
4294967293,102
4294967293,101
4294967293,100
4294967293,99
4294967293,98
4294967293,97
4294967293,96
4294967293,95
4294967293,94
4294967293,93
4294967293,92
4294967293,91
4294967293,90
4294967293,89
4294967293,87
4294967293,86
4294967293,85
4294967293,84
4294967293,83
4294967293,82
4294967293,81
4294967293,80
4294967293,79
4294967293,78
4294967293,77
4294967293,76
4294967293,75
4294967293,74
4294967293,73
4294967293,72
4294967293,71
4294967293,70
4294967293,69
4294967293,68
4294967293,67
4294967293,66
4294967293,65
4294967293,64
4294967293,63
4294967293,62
4294967293,61
4294967293,60
4294967293,59
4294967293,58
4294967293,57
4294967293,56
4294967293,55
4294967293,54
4294967293,53
4294967293,52
4294967293,51
4294967293,50
4294967293,49
4294967293,48
4294967293,47
4294967293,46
4294967293,45
4294967293,44
4294967293,43
4294967293,42
4294967293,41
4294967293,40
4294967293,39
4294967293,38
4294967293,37
4294967293,36
4294967293,35
4294967293,34
4294967293,33
4294967293,32
4294967293,31
4294967293,30
4294967293,29
4294967293,28
4294967293,27
4294967293,26
4294967293,25
4294967293,24
4294967293,23
4294967293,22
4294967293,21
4294967293,20
4294967293,19
4294967293,18
4294967293,17
4294967293,16
4294967293,15
4294967293,14
4294967293,13
4294967293,12
4294967293,11
4294967293,10
4294967293,9
4294967293,8
4294967293,7
4294967293,6
4294967293,5
4294967293,4
4294967293,3
4294967278,131
4294967278,125
4294967278,374
4294967278,118
4294967278,111
4294967278,104
4294967278,98
4294967278,97
4294967278,94
4294967278,92
4294967278,91
4294967278,90
4294967278,89
4294967278,87
4294967278,85
4294967278,84
4294967278,82
4294967278,61
4294967278,60
4294967278,58
4294967278,57
4294967278,55
4294967278,54
4294967278,53
4294967278,52
4294967278,51
4294967278,46
4294967278,45
4294967278,42
4294967278,40
4294967278,37
4294967278,36
4294967278,34
4294967278,33
4294967278,32
4294967278,31
4294967278,30
4294967278,375
4294967278,28
4294967278,2
4294967278,26
4294967278,25
4294967278,24
4294967278,23
4294967278,22
4294967278,21
4294967278,20
4294967278,19
4294967278,18
4294967278,17
4294967278,16
4294967278,15
4294967278,14
4294967278,13
4294967278,12
4294967278,11
4294967278,10
4294967278,9
4294967278,8
4294967278,7
4294967278,6
4294967278,5
4294967278,4
4294967279,359
4294967279,132
4294967279,130
4294967279,129
4294967279,128
4294967279,127
4294967279,126
4294967279,125
4294967279,124
4294967279,123
4294967279,122
4294967279,121
4294967279,120
4294967279,119
4294967279,118
4294967279,117
4294967279,116
4294967279,115
4294967279,114
4294967279,113
4294967279,112
4294967279,110
4294967279,109
4294967279,107
4294967279,358
4294967279,105
4294967279,104
4294967279,100
4294967279,99
4294967279,98
4294967279,97
4294967279,95
4294967279,94
4294967279,92
4294967279,91
4294967279,90
4294967279,89
4294967279,87
4294967279,85
4294967279,84
4294967279,82
4294967279,88
4294967279,62
4294967279,60
4294967279,59
4294967279,58
4294967279,57
4294967279,55
4294967279,54
4294967279,53
4294967279,52
4294967279,51
4294967279,47
4294967279,174
4294967279,260
4294967279,40
4294967279,39
4294967279,38
4294967279,37
4294967279,36
4294967279,34
4294967279,32
4294967279,29
4294967279,28
4294967279,361
4294967279,22
4294967279,0
4294967279,346
4294967279,16
4294967279,13
4294967279,360
4294967279,9
4294967279,4
4294967294,442
4294967294,441
4294967294,440
4294967294,439
4294967294,438
4294967294,426
4294967294,437
4294967294,436
4294967294,434
4294967294,435
4294967294,430
4294967294,429
4294967294,420
4294967294,419
4294967294,418
4294967294,425
4294967279,137
21,0
4294967294,640
4294967294,445
4294967294,664
4294967294,546
4294967294,185
4294967294,584
4294967294,56
4294967294,187
4294967294,893
4294967294,387
4294967294,644
4294967294,884
4294967294,570
4294967294,877
4294967294,646
4294967294,655
4294967294,541
4294967294,432
4294967294,431
4294967294,433
4294967294,427
4294967294,428
4294967294,424
4294967294,423
4294967294,421
4294967294,422
4294967294,526
4294967294,605
4294967294,543
4294967294,183
4294967294,604
4294967294,603
4294967294,557
4294967294,602
4294967294,601
4294967294,600
4294967294,599
4294967294,598
4294967294,597
4294967294,595
4294967294,594
4294967294,593
4294967294,516
4294967294,592
4294967294,591
4294967294,94
4294967294,567
4294967294,565
4294967294,551
4294967294,527
4294967294,66
4294967294,65
4294967294,64
4294967294,63
4294967294,62
4294967294,443
4294967294,60
4294967294,61
4294967294,554
4294967294,559
4294967294,588
4294967294,569
4294967294,566
4294967294,568
4294967294,555
4294967294,587
4294967294,585
4294967294,532
4294967294,533
4294967294,550
4294967294,529
4294967294,586
4294967294,534
4294967294,549
4294967294,96
4294967294,189
4294967294,179
4294967294,191
4294967294,444
4294967294,544
4294967294,391
4294967294,525
4294967294,530
4294967294,395
4294967294,531
4294967294,45
4294967294,44
4294967294,514
4294967294,398
4294967294,389
4294967294,397
4294967294,29
4294967294,385
4294967294,394
4294967294,384
4294967294,399
4294967294,329
4294967294,328
4294967294,327
4294967294,326
4294967294,325
4294967294,323
4294967294,322
4294967294,321
4294967294,320
4294967294,319
4294967294,318
4294967294,317
4294967294,316
4294967294,315
4294967294,314
4294967294,324
4294967294,313
4294967278,373
4294967279,355
4294967278,372
4294967279,354
4294967278,371
4294967279,353
4294967278,370
4294967279,351
4294967278,369
4294967278,368
4294967278,367
4294967278,365
4294967278,364
4294967278,363
4294967278,362
4294967278,361
4294967278,360
4294967278,359
4294967278,358
4294967278,357
4294967279,349
4294967278,356
4294967278,355
4294967278,354
4294967278,352
4294967278,351
4294967278,350
4294967278,349
4294967278,348
4294967278,346
4294967278,345
4294967279,348
4294967279,347
4294967278,343
4294967279,345
4294967279,344
4294967278,342
4294967279,343
4294967279,342
4294967279,341
4294967278,341
4294967279,340
4294967278,340
4294967279,339
4294967279,338
4294967279,337
4294967278,339
4294967279,336
4294967279,335
4294967279,334
4294967279,333
4294967278,338
4294967278,337
4294967279,332
4294967278,336
4294967279,331
4294967279,315
4294967278,314
4294967279,313
4294967278,312
4294967279,311
4294967278,310
4294967278,309
4294967278,308
4294967279,310
4294967279,309
4294967278,307
4294967278,306
4294967279,308
4294967278,305
4294967279,307
4294967278,304
4294967279,306
4294967278,303
4294967279,305
4294967278,302
4294967279,304
4294967278,301
4294967279,303
4294967278,300
4294967279,302
4294967278,299
4294967279,301
4294967278,298
4294967279,300
4294967278,297
4294967279,299
4294967278,296
4294967278,294
4294967279,295
4294967279,294
4294967279,293
4294967278,291
4294967278,290
4294967279,195
4294967278,289
4294967279,194
4294967278,288
4294967279,193
4294967278,192
4294967279,191
4294967279,288
4294967278,281
4294967279,173
4294967278,173
4294967279,281
4294967278,172
4294967279,171
4294967278,280
4294967279,170
4294967278,279
4294967279,169
4294967278,278
4294967279,168
4294967278,168
4294967279,279
4294967278,167
4294967278,277
4294967279,165
4294967279,163
4294967278,276
4294967279,162
4294967278,162
4294967279,277
4294967278,161
4294967279,276
4294967278,275
4294967279,275
4294967278,159
4294967279,158
4294967278,274
4294967279,274
4294967279,273
4294967278,273
4294967279,272
4294967278,272
4294967279,271
4294967278,271
4294967279,270
4294967278,270
4294967279,269
4294967278,269
4294967279,268
4294967278,268
4294967279,267
4294967278,267
4294967279,266
4294967278,266
4294967279,265
4294967278,233
4294967279,232
4294967278,232
4294967279,231
4294967278,200
4294967278,199
4294967278,198
4294967279,197
4294967279,196
4294967294,312
4294967294,311
4294967294,310
4294967294,309
4294967294,308
4294967294,306
4294967294,305
4294967294,304
4294967294,303
4294967294,302
4294967294,301
4294967294,300
4294967294,299
4294967294,298
4294967294,297
4294967294,307
4294967294,296
4294967278,156
4294967294,295
4294967294,294
4294967294,293
4294967294,292
4294967294,291
4294967294,289
4294967294,288
4294967294,287
4294967294,286
4294967294,285
4294967294,284
4294967294,283
4294967294,282
4294967294,281
4294967294,280
4294967294,290
4294967294,279
4294967294,278
4294967294,277
4294967294,276
4294967294,275
4294967294,274
4294967294,272
4294967294,271
4294967294,270
4294967294,269
4294967294,268
4294967294,267
4294967294,266
4294967294,265
4294967294,264
4294967294,263
4294967294,273
4294967294,262
4294967294,261
4294967294,260
4294967294,259
4294967294,258
4294967294,257
4294967294,255
4294967294,254
4294967294,253
4294967294,252
4294967294,251
4294967294,250
4294967294,249
4294967294,248
4294967294,247
4294967294,246
4294967294,256
4294967294,245
4294967294,244
4294967294,243
4294967294,242
4294967294,241
4294967294,240
4294967294,238
4294967294,237
4294967294,236
4294967294,235
4294967294,234
4294967294,233
4294967294,232
4294967294,231
4294967294,230
4294967294,229
4294967294,239
4294967294,228
4294967294,227
4294967294,226
4294967294,225
4294967294,224
4294967294,223
4294967294,221
4294967294,220
4294967294,219
4294967294,218
4294967294,217
4294967294,216
4294967294,215
4294967294,214
4294967294,213
4294967294,212
4294967294,222
4294967294,211
4294967279,166
4294967294,210
4294967294,209
4294967294,208
4294967278,293
4294967294,207
4294967294,206
4294967294,204
4294967294,203
4294967279,298
4294967294,202
4294967294,201
4294967294,200
4294967278,295
4294967294,199
4294967294,198
4294967294,197
4294967294,196
4294967294,195
4294967294,205
4294967279,296
4294967294,194
4294967279,314
4294967294,193
4294967294,192
4294967294,159
4294967294,158
4294967294,157
4294967294,393
4294967294,155
4294967294,154
4294967294,153
4294967294,152
4294967278,313
4294967294,151
4294967294,150
4294967294,149
4294967294,148
4294967294,147
4294967294,146
4294967294,156
4294967279,297
4294967294,145
4294967294,144
4294967294,143
4294967278,164
4294967294,142
4294967294,141
4294967294,140
4294967294,138
4294967278,165
4294967279,278
4294967278,353
4294967294,137
4294967294,136
4294967294,135
4294967294,134
4294967279,350
4294967294,133
4294967294,132
4294967294,131
4294967294,130
4294967278,366
4294967294,190
4294967294,129
4294967294,139
4294967279,352
4294967294,128
4294967278,137
4294967278,344
4294967294,53
4294967294,679
4294967294,887
4294967294,1271
4294967294,729
4294967294,560
4294967294,7
4294967294,6
4294967294,660
4294967294,1275
0,5
4294967294,8
4294967279,198
4294967278,335
4294967294,59
4294967294,58
4294967294,5
4243767290,0
4294967294,633
4294967279,330
4294967294,462
4294967278,197
4294967294,461
4294967294,460
4294967279,329
4294967294,564
4294967294,553
4294967294,28
4294967294,459
4294967278,196
4294967279,292
4294967294,458
4294967278,195
4294967294,107
4294967294,552
4294967294,27
4294967294,92
4294967294,91
4294967294,90
4294967294,88
4294967294,87
4294967294,86
4294967294,85
4294967294,84
4294967294,457
4294967294,46
4294967279,357
4294967278,81
4294967294,363
4294967294,362
4294967294,361
4294967294,360
4294967294,359
4294967294,358
4294967294,357
4294967294,356
4294967294,355
4294967294,354
4294967294,353
4294967294,352
4294967294,351
4294967294,350
4294967294,349
4294967294,348
4294967294,347
4294967294,2
4294967294,346
4294967294,345
4294967294,344
4294967294,343
4294967294,342
4294967294,340
4294967294,341
4294967294,339
4294967294,338
4294967294,337
4294967294,336
4294967294,335
4294967294,334
4294967294,333
4294967294,332
4294967294,331
4294967294,330
4294967294,4
4294967279,81
21,4
